$ 1 0.000005 9.78399845368213 48 5 43
v -16 128 48 128 0 0 40 3.8 0 0 0.5
v 288 288 352 288 0 0 40 3.3 0 0 0.5
f 368 208 400 208 9 0.55 0.02
S 48 128 96 128 0 1 false 0 2
S 352 288 400 288 0 0 false 0 2
g -16 128 -16 144 0
g 288 288 288 304 0
x 302 324 388 327 4 12 \p3.3V\s(TPS793)
z 160 112 208 112 1 0.805904783 5.6
r 96 64 160 64 0 1000
162 160 64 208 64 1 2.1024259 0 0 1 0.01
g 208 64 208 80 0
g 464 320 464 336 0
162 464 272 464 320 1 2.1024259 0 0 1 0.01
r 400 272 464 272 0 1000
x -18 100 61 103 4 12 \p3.8V\s(LM317)
g 432 208 432 224 0
162 480 192 480 240 1 2.1024259 1 0 0 0.01
r 480 144 480 192 0 1000
g 480 240 480 256 0
p 480 144 480 96 1 0
w 480 80 480 96 0
209 432 144 432 208 0 0.000001 3.270308038636385 1
w 400 272 400 224 0
w 400 144 400 192 0
w 368 208 320 208 0
w 320 208 256 208 0
r 256 208 256 272 0 10000
g 256 272 256 304 0
t 224 160 256 160 0 1 -2.6067662017845286 0.49039295232196956 100
w 256 176 256 208 0
w 256 144 400 144 0
w 208 112 256 112 0
w 256 112 256 144 0
r 224 160 160 160 0 5100
w 160 160 160 112 0
w 160 112 96 112 0
w 480 144 432 144 0
w 96 64 96 112 0
w 400 144 432 144 0
x 306 225 368 228 4 12 IRLML6401
o 17 64 0 12291 1.7662037784249371 0.0015041042602114486 0 2 17 3
o 18 64 0 12291 1.5041042602114492 0.0015041042602114492 1 2 18 3
