$ 1 0.000005 9.78399845368213 48 5 43
v 96 160 160 160 0 0 40 5.6 0 0 0.5
v 96 224 160 224 0 0 40 5 0 0 0.5
f 304 160 304 192 1 1.5 0.02
S 160 160 208 160 0 1 false 0 2
S 160 224 208 224 0 1 false 0 2
g 96 160 96 176 0
g 96 224 96 240 0
x 110 260 169 263 4 12 USB\s\p5.0V
w 208 144 304 144 0
w 304 144 304 160 0
w 208 208 224 208 0
w 224 208 224 192 0
w 224 192 288 192 0
w 320 192 368 192 0
z 368 144 368 192 1 0.805904783 5.6
w 304 144 368 144 0
r 304 112 368 112 0 1000
w 368 112 368 144 0
162 304 112 256 112 1 2.1024259 0 0 1 0.01
g 256 112 240 112 0
g 240 320 240 336 0
162 240 272 240 320 1 2.1024259 0 0 1 0.01
r 240 224 240 272 0 1000
w 240 224 240 208 0
w 240 208 224 208 0
x 94 132 173 135 4 12 \p5.6V\s(LM317)
w 416 192 480 192 0
g 368 256 368 272 0
162 480 240 480 288 1 2.1024259 1 0 0 0.01
r 480 192 480 240 0 1000
g 480 288 480 304 0
p 480 192 480 144 1 0
w 416 192 368 192 0
209 368 192 368 256 0 0.000001 1.386845795658604 1
x 271 211 333 214 4 12 IRLML6401
x 396 185 455 188 4 12 To\sTSP733
o 28 64 0 12291 1.8388327152485116 0.006123892172604436 0 2 28 3
o 29 128 0 12291 6.294122013521664 0.006294122013521664 1 2 29 3
